aut_mean: 17.52289870689655
aut_std: 11.1571606724073
syn_mean: 18.801724137931036
syn_std: 15.06360499028073
seq_dif: 5.185269748907913
act difference: 0.1477993672176096
aut_variance: 0.21152674629438106
syn_variance: 0.26972297855095695
variance difference: -0.058196232256575886


time means_dif: 2.2344898655083267
time quantile_dif: 2.5638833903475375
