aut_mean: 17.52289870689655
aut_std: 11.1571606724073
syn_mean: 15.500269396551724
syn_std: 10.260953983502871
seq_dif: 2.918835999249257
act difference: 0.2507129808711405
aut_variance: 0.21152674629438106
syn_variance: 0.23458403968280467
variance difference: -0.023057293388423605


