aut_mean: 17.52289870689655
aut_std: 11.1571606724073
syn_mean: 17.773168103448278
syn_std: 16.717939333738737
seq_dif: 5.811048057883163
act difference: 0.24377162180347065
aut_variance: 0.21152674629438106
syn_variance: 0.2964425199754671
variance difference: -0.08491577368108605


time means_dif: 2.8553915766884073
time quantile_dif: 2.5638833890454187
